84665892427792384
95496393673670656
96557829502029824
96803604773478400
100426269899919360
106484565832421376
108947026057658368
110103088488005632
110803786028572672
113401599497347072
114424354858598404
114518258257887233
114792771319103495
115329394884608009
117937049402736641
119131134322802689
120271168073629698
120464087275667456
122121617152278528
122166715734818818
123854837300330496
125353015539531776
127487575693721601
128202318876246017
128313216630652928
129085432293097472
129322302243340289
132559391655198720
133018683428569088
133311233574043648
133976236300042240
134115096120131584
135094731314036736
140222550696394752
140564590344798209
141559323602976769
141637178060046336
142182529313538048
143205804726681600
143371090016731136
145106045524639744
145723194337132544
146521121230028801
146526793006972928
146808616907833344
147053335306829831
147975832760090624
148870800705847296
150025464155471872
150279280570531840
151774762069262336
154393550191067136
154491726357200896
154587417783959552
154771505736056833
157192779909300224
157937572260085761
159246468018864128
159601122418360320
159966392270061568
162384665838223360
162495515366391808
162994389633859584
163471006319509506
163580077592805377
165212968643067904
165490562663710721
165538079950635008
166709774472183809
168176525265338368
168458451314278400
168803530067542017
169694449490853888
170199604866842624
170614926845542401
170907137336147969
172221533685547008
173339892800159744
173837280304300032
173842628759126016
174690664058060800
174948556019466240
175939217866620928
176022536230797312
176059044409114625
176398177388199936
176651407066136576
177081078308274176
177116017560911882
177532229725978625
178471808247267339
178525207529652224
178853027309027328
179118377732669440
179620367780937739
179644002734309386
181064591940386816
181315199192662016
182479325616930817
182936478341398528
183770916583505921
183943196630319104
184000069224235008
184754049869021186
185530370660237343
186145384215740417
186546624691044364
186950520995315723
187977595063631873
188116657867194368
188838897118216192
188886181998624768
188910104429592577
189729991070580737
189786766792720384
189834927565438977
190098202723221504
190183969625604106
191172697911197696
191196205148143616
191248766198611968
191330656452739072
191633014441115648
191810902444605440
193464220870901760
194115548223766528
194282977914519553
194589530957807618
195327590960070656
195922772818526208
196448567324442624
196706496132808704
197435020288327682
197534833629593601
197890590740840449
198037872014655489
198272391074414594
198801900446023680
198910734199947266
199058234319962112
200337679144058882
200339014019055626
200833001934946304
201074712413995008
201229023383126016
201741655605248000
201830967797612544
202620532196114442
202813890235596800
202867981687062528
203648543032868865
203909065951150081
203945142267150336
204336994921218048
204491347493650432
204963806248566813
205448300508217345
206137973656387585
206532128920436737
207085752310431747
207117771526504448
208227082621157376
208698455349002252
208789574539935744
208921133775323136
209247731116408832
209320827802484737
209615161860947968
209722019992961024
209844198910853121
210350743226417152
210573823509004292
210790459373649931
210941594189299712
211409048237637632
211469780929085441
211703903400624128
211795022088110082
211868774947749888
211891222791454720
212057967728656385
212151364376068097
212214591130697730
212288153279660035
212638341953224705
213033966666645505
213054092010979328
213258733659095040
213359490538405888
213544646310100992
213636767738232832
213761387619549195
213843242075160576
214656120952717322
215374689499873280
215714677739618304
215763599325396992
216229866863853568
216520459745755136
216705756022571018
216920561291493376
216936486875037699
217284530355044352
217329637984960521
217751242716348416
217776473698861056
218097045804810250
218288894700027904
218402170628734976
218458424394907651
218562645031256064
218573446286802945
218898293911060482
219675913988603904
219980749577781249
220598984148910080
220644210532024320
220692353088880650
220905704729346048
220920364966871040
221042589439229953
221059952641441794
221126541742964736
221314837953773568
221467901670981632
221980225334935553
222327341370572800
222540716776226818
222672689809063938
222700944305946624
223405647549562881
223457226709401600
223531228626681856
223834644376846336
223846734344749056
223968093225877505
224452266793369602
224610764881788928
224612669670424576
224880707523051520
225658614918938624
225997187673358336
226361370457800705
226448570268516352
226566132260274176
226818973805576210
227096257871478786
227113700711071744
227616618216292352
228148979181944832
228519986879004672
228684611062988802
229200655187836929
229268478408916992
230039799732502528
230817358443184141
230853472583417856
231085809061724160
231125138425249802
231455150059945989
231824064623280128
232050962544590849
232150624630734848
232241301620391947
232536098604056576
232568196438294528
232656338424037376
232786099028623360
233282325503410176
233335445499412481
233613365518270467
233623645484744704
234283429972279297
234315426207760384
234683447266902016
234695622601474049
234731607141908481
234750777027985408
234755782162251777
234774890836656129
235085856782811136
235739695781249024
236147973732564993
236212865323892737
236246909206003714
236286007383687171
236741920871677972
237274599883145227
238095952747954176
239093538112012288
239175560864071680
239416030198235146
239421096032468993
239505287994671104
239771910622150658
240201936568188938
240440267302240256
240453017021841408
240857226263134209
240964905421766657
241620853219917836
241638078395973633
241704315834728449
241793558737190913
242007712404209675
242163933857710081
242226355872333826
242321331851362304
242707073060569088
243409278189174784
244466343884095489
244503569896570881
244601795660218369
244822024302755842
244899439427321857
245295673140969472
245337918665654272
245565272164007937
245697586697076736
245709077454389249
245714873349177354
246793046958538752
246966142130716672
247091265026392064
247233492738506752
247358351405481984
247468378250412033
247506843440513025
248089006485667854
248413460071841793
248893458159239169
249023739977531392
249281807353249793
249299136199917569
249395197497049089
249585558198681603
249748595614416897
249753911483826176
249946056253636610
250032307497467904
250099200983957506
250153930980327425
250445758120198144
250593527636033536
250615476005109761
251201582102872067
251557392901341184
251872264000110592
251985722792345600
252044920766857217
252232491245633536
252241183177179156
252478132454424576
252914725615042560
252986766842134539
253151020543115264
253422715006877697
253539164350316544
253949632059670538
254249507879911424
254308514195832832
254472988290711563
254533483970560001
254630272874709002
254655162604453888
254740190621335560
254998133589671937
255041468190818304
255117498121191424
255351562807803904
255361805642235904
256060278939189248
256471089717313538
256561852107063296
256737516130926592
256771115639242752
257160687439183872
257292719729278979
257458720122863616
257583270777192458
257583929949814785
257975764161396737
258049999655534592
258069380255055912
258616418373730305
258666499827302403
258673230884241409
258705442740371456
258798672765124608
258888431092891648
259715783758839809
259749140819476480
259826372183064576
260618170195247104
261239651518382091
261243563763826689
261255005162438656
261346658707570688
261858712753274882
262032121609191425
262302371739205632
262395791639838720
262611038669635586
262986365854154756
263116587882512384
263556991614582794
263650559825936384
263671208623603722
263759884204507147
263762573785038848
263793815863689218
263880784753065986
264152082137874432
264227896732680192
264513692895412235
264541863988559874
264697833968369664
264852119952162818
264995327885443072
265210455528570880
265292136474214401
265580874916036618
265694670179401729
265919552913801216
266170807250583552
266332627450069003
266362147586441218
266509614588231681
266517887676710914
266646247069188127
267015086550417408
267044572809396235
267299467491803137
267319484950380544
267370627659333634
267381601678131202
267389928843771915
267769548168495105
268088312525357056
268778289244405761
269120401852989440
269158489228574720
269287288893079562
269565960447328256
269791765236547584
269832476493348864
269887731188891658
269899973607424000
269907002287718400
269909089201422336
269999715951706112
270067856291528704
270232261457215490
270268639591137280
270351682456649729
270411024820076544
270578511083864064
270827230945345536
270995973184946176
271268180645773312
271275419058176001
271460218578141187
271465860252696576
271794739798474752
272045276850683904
272121023409684490
272150901966503937
272247641356632079
272253482105569280
272361465510625280
272443627672961026
272869577669738498
273135771043627010
273505009726128130
273523709505961984
274018320355950593
274205888993034240
274430429786931201
274541744526458881
274854991318089728
274992940844187648
275098256185491466
275216368050372609
275668342361030656
275837271801069570
276030418208423937
276424071921795072
276454823233060866
276734014373625857
276744327198277633
277112343077453825
277483730736513024
277630107806466050
277640110755938304
277845848958697472
278198014919835648
278226760380841984
278234639116664832
278465899713789953
278555351232806912
278837283682254848
278944036495032320
279261246723850240
279312653627949057
279363279628009473
279628671734644756
279743117253541889
279980302615445505
280052851085148160
280277230633091075
280368728175017994
280501676278939650
280637735956643841
280685769863987202
280760646092455936
280860950532194305
281003697239228416
281096049228251142
281219131175337984
281599890033999873
281745007474638851
281809499742928906
282160244505706507
282250417331503104
282357814918119424
282458254368309249
282686977994915840
282711153367580673
282722000513007616
282870689147387905
283000060935929867
283250163525484544
283299784373305354
283317130353573898
283555998625693696
283651966708482048
283658393733038082
283794370203746304
284747598970224640
284883389968941060
285072276670644224
285098678903898139
285140961904820224
285174769798610944
285264848638574592
285589222654607372
285879658011033602
285925169132994561
285927659085627393
286057164190121986
286178081759035392
286517805497450497
286538370652438529
286557738836819968
287351075638607872
287365224233828362
287521285544738816
287697740794691584
287869118806491136
287993290555392000
288024627882622986
288110373788450826
288347286398959618
288379252414480385
288558105006964747
288739910540591105
288755032185110538
289463024169910273
289526813330505728
289562805059846145
289779723758731264
289884634014285836
290121186527019008
290258855307378689
290266168449695744
290453395779878914
290460486829604865
290477204503003137
290534216209530891
291033633173536769
291281053971382274
291301515736514560
291713885684236300
292253147483734016
292646499169599488
292808672260915200
292975561439969280
293038790925221890
293096236150685696
293097909912600576
293156102948782081
293450458192805888
293528807573553152
293742171201208332
293846413958184961
294136358912524288
294144440807718913
294190082443968514
294548139451613194
294633335987372032
294882584201003009
294979182356594688
295085204723204096
295129649158160385
295141394736087040
295254664088125440
295729817083576320
295845744995467265
296051076136697857
296325649528782848
297129415958331395
297253907334430721
297423210067263499
297542278761938946
298144171070455809
298152356493918218
298193057168490497
298544373853978634
298840667180892160
298871068108521473
299145378471608320
299184705452900352
299379915587977217
299503812748771330
299615651348217867
299868568080744449
300182243786227712
300185957611864065
300266492136783872
300276190642438146
300361099633491980
300409253074698240
300682967196631050
300722147373088768
301009673148956672
301239389810589706
301413477736513536
301717873947181056
301804275984629761
302191077392121857
302513590525755395
302521361430085636
302910125394493440
303256786473844738
303370026994368515
303580891022753792
303601007303327746
303605766047268864
304219120403087360
304256490322264064
304983798179692545
305038343119306764
305452997410816002
305461911502192641
305679285186723841
306034877084729344
306077867387912203
306158381364674560
306319107408527360
306513672598192139
306765285518606336
306796662653714432
306908968528117760
306956079848226817
307114951108067329
307155660229967872
307351675755298817
307654785434386433
307891757192839190
308607096277172226
308611742970413057
308630738763382784
309334673656643584
309446109850370058
309705362552913921
309775533728858112
309812254994595851
310019549246521349
310703370673324044
310870415918628865
310936070235881472
311221732210114560
311266086459015180
311368346303987722
311487932018065408
311533880274452480
311545977221808138
311562346940334081
312180224706084866
312363542319857666
312539675900248074
312545208736808970
312547699847069706
312646451547209729
312733097328246785
312779408756703232
312798401253343242
313376281972572161
313415897047891969
313805349260099595
314079769417482241
314161983286935552
315218465243791360
315238369208827906
315437904136503296
315523278464745472
315872963318644740
315884815486418954
316954560436633601
317015696120872963
317273255927087105
317381329744297985
317394504577712128
317764165722832897
317919344262774795
317989274345799680
318056302595014658
318071780348657674
318081217645772800
318366053040128000
318399645195829250
318727453822418945
318844740516708375
318878318944321536
318949536385204235
319124526690467841
319570400621232130
319762547794247681
319897751469031434
320010266798718976
320061693923295232
320116481503526915
320184555799707658
320390368245841920
320560030120148993
320581380947968000
320864653414498304
320891673414729740
320904521028993026
321241901393248256
321355609419022338
321359950292975618
321362130983190540
321376036929536000
321378594095890432
321534584992956416
321623097000067072
321738269458956306
321748680510013440
322090593352286208
322701853961748487
322985449578561537
323151919918874624
323350631341359114
323385445511593984
323918353351835669
324347343275032576
324598839682269184
324634205935894528
324696987930984449
324992373337751553
324999286792126464
325032828767305729
325087467550277633
325170811197587456
325359228959195137
325551716458299393
325708842207805440
326350804288143360
326418713710428171
326774012590161920
326836813215956994
327088745696198659
327185783100407810
327189467582562326
327419351823024128
327523161472237568
327639822615183372
327763890010193920
328068666275135490
328110991357378561
328202503512522754
328252652884328448
328688781391822848
328873131047387136
329110005439791106
329319574124363776
329387887009333268
329559834783645696
329679836845178892
329769708993773580
330249414776061953
330423454312693770
330441402645348353
331078852917067786
331166110579818498
331350272997589012
331444500000014337
331484922240040962
331752067523674112
331879097858916353
331886745241124875
331913493504589824
332086417943429121
332241845499199488
332357381897977866
332502494724882442
332603481351389186
332713281582268417
332752943788851200
332799688078131200
333128916913094657
333285565250404362
333351110427279360
333631314848776193
333846133313110029
334018691534684162
334369675314069504
334370827447566337
335026475809898496
335102140651405323
335170768688119820
335425506273001473
335922387868581890
335929150999232514
336101391875440641
336159851040210954
336731652724097026
336743549133389826
336753818152861706
336785638831685635
336918926027915264
336945637331304448
336996517418237952
337069612845891596
337127922567741442
337165881169674240
337250783416287232
337336516957437952
337426979861168150
337620917087764482
337673527023108107
337685573718376449
337746764931268609
337880478843535361
337929340807282689
338122015636586501
338625897324216322
338694295869718528
338719926795632643
338811382935977995
338848503457382400
338957332887371776
338971393192361985
339106332609085451
339116037767168013
339246973737762817
339375389073735682
339777874015944706
339822178323267586
340081221855870977
340211199985582080
340559238638338058
340588593485447168
340837642491133963
340881412078960641
340926729289728000
341021491414040576
341056403454164992
341072490220486656
341884684168331264
341945426360139778
342002360807325698
342054914681208836
342680530250104833
342700688490627075
342827565410680834
343051400760262661
343117428961837066
343413123690004480
343446856052899840
343478969213124608
343541450782277642
343593678360674304
343595554858729483
343731978597695490
343755986458116097
343853433889095690
343896315530444810
344056252973711360
344175546718093314
344289063102185474
344453267838992385
344541677102301184
344550922740826112
344595352239865857
344804889924337664
344987558050267138
345151689910910976
345488525375832064
345665952505004054
345738314994941952
346015676999270410
346024302505885729
346035181158662144
346230628708253697
346310488470061077
346671640286986241
346714016833601536
346738942395154453
346835205807407105
348506376621916160
349064416362364932
349340679144472576
349613730855649281
349634206776688640
350004151469473802
350096123844624387
350332059182694400
350401448258830336
350427225486524417
350817822416568320
350820682038247426
351421297760141327
351429990585466881
351520329769943042
351520771883008000
351522181454364672
351644119317217282
351746467666591745
351817465254117378
352038396169814016
352124991988301825
352156677426118678
352180954338426884
352288662987210752
352565491153240074
352854378279075840
352892245684387841
352983079754924032
353183726710292491
353574522143899653
353626557371252743
353672076005212171
353777272756633611
353834940598583297
354036968537194496
354270127396749312
354287198851563521
354597675917770774
354968989883039754
355060001250869259
355363850079698944
355389183952420874
355438546661933067
355708717418938378
355719808844562432
356062496169263106
356085233919197185
356149677118455828
356158341304811521
356182436230463490
356185593765560320
356219564004212740
356776583685603328
356889783961911316
357207776331694081
357217782129229834
357912428505333784
357984654818541588
358529629193240578
358584634113785858
358732623981576193
358745852334047233
359469673395519510
360091372251906048
360123988241809408
360156392012906497
360167436651200514
361102093601210368
361205372507389954
361243615525076993
361438466824994816
361544416055263242
361568400884891668
361951158702702592
361955617168031746
362584737404944385
363091516102803459
363221009110925315
363609237181562880
363631290727268352
363658092040290304
363717848981438464
363792957654040598
363878085214470144
364054103816667136
364107425663549462
364433281787232256
364446289028448256